m1 = 1.1053;
m2 = 0.23359;
h1 = 0.105;
h2 = 0.215;

COM = ((m1*h1)+(m2*h2))/(m1+m2)

